393 280
356 281
342 313
356 347
382 370
420 375
457 361
484 337
501 303
505 269
499 234
480 199
453 172
420 154
385 145
348 146
313 159
278 175
251 202
232 232
217 265
210 305
213 338
221 372
238 407
257 436
285 459
314 479
347 495
383 504
420 507
458 500
496 489
531 468
562 445
587 417
608 386
621 354
633 317
636 279
634 240
628 201
613 163
591 125
564 94
535 70
504 50
468 34
431 23
392 18
351 19
310 25
273 35
238 49
206 67
177 90
148 119
126 153
108 187
93 221
84 257
78 296
79 334
85 370
94 407
106 442
