406 533
441 519
474 501
508 484
543 465
577 448
609 433
615 396
615 356
614 319
613 279
611 241
608 205
598 173
571 144
542 119
510 98
477 74
445 53
409 32
372 43
344 64
313 84
284 103
252 121
219 143
184 161
182 197
182 233
179 271
177 306
174 341
173 378
171 416
197 440
232 454
265 468
300 486
333 498
370 517
376 482
359 448
336 412
313 378
293 344
274 309
254 276
231 241
214 207
220 276
212 314
205 352
257 211
281 181
305 151
331 122
362 93
448 90
479 113
503 141
529 171
555 201
578 230
579 266
558 295
539 325
520 355
500 387
480 418
460 448
440 478
268 243
303 243
340 243
377 243
416 241
454 241
491 241
541 241
