782 282
749 294
715 304
683 325
644 322
621 351
585 370
595 408
593 450
581 492
561 525
537 552
508 578
586 16
551 34
518 57
484 83
450 103
412 119
374 135
340 153
302 171
271 185
239 202
214 225
186 251
177 290
175 331
170 369
167 408
164 445
155 481
142 518
262 228
264 263
271 299
277 335
288 369
301 403
327 376
363 371
399 368
434 385
471 380
507 370
540 347
565 320
606 315
674 287
636 281
597 277
559 257
522 245
482 240
445 234
411 214
376 205
338 190
299 250
335 239
373 244
405 264
413 299
426 337
366 288
315 298
